17
74
36
85
36
77
94
7
88
66
52
89
34
49
31
98
54
82
22
14
31
76
3
65
24
59
50
31
63
37
74
32
42
85
71
85
8
73
2
5
27
32
81
14
45
63
14
39
37
49
33
59
72
20
85
69
96
56
100
80
52
13
80
29
71
97
88
93
42
78
19
81
39
71
67
76
20
19
60
23
98
86
47
41
67
70
64
91
26
8
20
45
36
87
43
19
3
2
64
39
82
75
21
29
35
82
17
84
85
69
26
50
41
2
99
94
58
94
24
62
80
95
11
36
68
17
59
16
11
94
79
5
54
6
26
86
48
53
98
49
99
34
37
45
58
21
29
86
76
78
90
90
16
67
53
89
89
21
65
56
36
41
29
88
53
39
29
98
88
63
36
93
63
49
3
71
83
66
35
88
17
10
70
20
31
16
54
29
97
22
88
93
83
82
28
14
48
89
6
81
40
4
77
45
82
54
72
95
77
93
60
9
24
83
59
92
44
27
4
28
86
2
38
43
99
84
37
97
74
72
32
69
52
47
19
20
81
15
2
24
91
34
33
75
44
100
80
95
24
31
71
86
25
20
33
75
37
69
8
62
9
87
56
96
51
60
87
83
14
34
6
99
78
76
2
95
55
71
74
75
85
40
52
67
100
32
73
46
59
51
29
75
62
40
66
44
64
29
81
100
51
91
87
59
60
73
53
85
99
74
72
47
92
80
12
28
70
24
47
45
68
74
84
1
65
42
80
97
64
94
85
54
1
70
86
86
44
96
7
100
54
54
74
86
40
23
31
94
8
60
30
14
55
98
8
39
99
59
98
42
43
92
78
74
59
7
27
85
24
20
2
58
99
75
77
31
49
67
72
56
3
46
51
7
63
85
48
57
65
7
47
13
45
45
98
96
71
72
35
98
81
20
89
41
11
83
20
96
81
75
44
83
38
61
67
57
48
20
4
89
31
91
73
82
89
80
10
48
42
35
55
37
90
80
56
81
37
3
85
21
49
90
11
43
57
36
93
6
97
38
67
90
27
7
47
41
6
52
45
22
10
81
80
36
15
90
31
88
11
79
25
45
9
18
9
40
95
60
44
93
20
74
79
38
84
21
63
78
4
3
5
87
84
73
30
36
45
80
27
80
100
8
24
41
86
4
24
98
15
5
83
38
62
82
44
82
18
73
81
2
72
82
34
65
46
96
27
76
19
43
73
58
18
98
56
18
15
33
44
87
75
94
52
63
46
12
59
11
91
15
23
57
14
69
13
48
39
67
97
46
99
66
3
88
38
16
62
21
84
88
3
77
15
39
3
80
93
59
75
89
26
64
42
28
35
29
17
17
76
25
56
85
76
74
90
83
99
93
83
96
59
68
47
8
12
1
29
85
53
97
8
42
100
90
88
13
8
1
95
6
59
35
49
40
93
59
63
82
90
11
57
24
92
43
95
59
75
42
37
15
25
58
95
72
3
45
88
31
91
42
13
15
31
70
95
29
12
65
45
2
17
80
17
13
9
35
67
23
52
74
10
33
81
3
10
84
93
48
27
65
68
29
62
23
28
2
57
24
25
57
98
58
83
49
44
42
56
76
90
54
26
52
93
58
38
35
74
56
86
100
17
65
1
70
88
88
83
76
16
54
43
46
39
58
93
57
34
92
83
82
83
10
36
90
72
68
21
51
6
6
91
47
10
48
21
74
35
23
74
40
47
23
58
22
10
77
35
67
14
78
63
66
61
46
23
14
78
1
90
44
96
15
72
99
54
40
16
94
20
50
69
10
58
28
49
30
82
47
39
94
62
17
71
97
8
2
63
56
64
39
96
53
3
71
74
54
67
23
16
67
27
57
22
61
95
27
47
21
83
74
24
6
74
98
67
60
49
41
8
85
73
10
16
64
62
46
24
69
85
77
37
52
71
62
80
4
6
88
49
6
65
29
78
69
39
57
58
57
72
33
81
16
83
55
79
46
84
73
50
27
99
54
22
19
74
21
4
76
47
56
9
21
34
56
94
19
75
21
86
69
58
49
75
97
22
83
24
21
73
73
82
64
57
93
59
17
49
27
57
49
5
64
34
38
97
15
58
44
87
27
57
63
72
17
79
50
35
32
43
24
44
19
60
79
25
28
90
54
75
83
30
8
51
9
21
61
26
50
88
63
34
47
90
88
37
26
95
2
55
86
4
12
8
89
5
86
58
27
68
32
37
84
20
41
81
49
87
47
80
55
25
60
90
26
69
72
78
98
40
38
85
35
1
67
81
96
71
28
31
32
